0 0
500 9184
1000 8080
1500 8050
2000 7990
2500 8104
3000 15863
3500 8068
4000 8011
4500 7930
5000 8125
5500 8047
6000 8188
6500 7975
7000 8008
7500 7972
8000 8023
8500 8089
9000 7717
9500 7939
10000 7843
10500 7711
11000 7666
11500 7825
12000 7867
12500 7774
13000 7885
13500 7758
14000 7737
14500 7659
15000 7806
15500 7770
16000 7846
16500 7783
17000 7729
17500 7915
18000 7810
18500 7762
19000 7738
19500 7777
20000 8059
20500 7735
21000 7876
21500 7786
22000 7765
22500 7876
23000 7750
23500 7837
24000 7705
24500 7843
25000 7740
25500 7929
26000 7869
26500 7773
27000 7842
27500 7755
28000 7780
28500 7690
29000 7774
29500 7855
30000 7864
30500 7873
31000 7771
31500 7786
32000 7891
32500 7831
33000 7831
33500 7750
34000 7981
34500 7810
35000 7900
35500 7861
36000 7768
36500 7846
37000 7725
37500 7830
38000 7848
38500 7623
39000 7788
39500 7786
40000 7672
40500 7699
41000 7897
41500 7954
42000 7933
42500 7633
43000 7678
43500 7987
44000 7828
44500 7903
45000 7912
45500 7894
46000 7807
46500 7702
47000 7825
47500 7852
48000 7785
48500 7731
49000 7746
49500 7875
50000 7815
50500 7890
51000 7912
51500 7915
52000 7834
52500 8068
53000 10840
53500 7908
54000 7812
54500 7857
55000 7677
55500 8013
56000 7614
56500 7840
57000 7786
57500 7693
58000 7786
58500 7882
59000 7657
59500 7834
60000 7813
60500 7756
61000 7855
61500 7732
62000 7852
62500 7846
63000 7690
63500 7858
64000 7861
64500 7798
65000 7882
65500 7740
66000 7827
66500 7833
67000 7830
67500 7752
68000 7749
68500 7771
69000 7849
69500 7804
70000 7849
70500 7810
71000 7837
71500 7696
72000 7702
72500 7870
73000 7804
73500 7723
74000 7849
74500 7762
75000 7807
75500 7852
76000 7705
76500 7804
77000 7758
77500 7794
78000 7728
78500 7743
79000 7797
79500 7741
80000 7714
80500 7711
81000 7717
81500 7738
82000 7732
82500 7831
83000 7630
83500 7618
84000 7654
84500 7693
85000 7708
85500 7756
86000 7822
86500 7771
87000 7989
87500 7713
88000 7683
88500 7698
89000 7704
89500 7843
90000 7855
90500 7720
91000 7801
91500 7687
92000 7633
92500 7621
93000 7831
93500 7783
94000 7705
94500 7615
95000 7774
95500 7726
96000 7792
96500 7789
97000 7849
97500 7749
98000 7626
98500 7761
99000 7674
99500 7755
100000 7705
100500 7825
101000 7750
101500 7765
102000 7711
102500 7786
103000 7729
103500 7636
104000 7831
104500 7783
105000 7600
105500 7672
106000 7777
106500 7768
107000 7822
107500 8077
108000 7726
108500 7924
109000 8044
109500 8188
110000 7855
110500 7636
111000 7852
111500 7729
112000 7714
112500 7731
113000 7710
113500 7719
114000 7575
114500 7788
115000 7828
115500 7795
116000 7630
116500 7729
117000 7660
117500 7756
118000 7705
118500 7918
119000 7795
119500 7705
120000 7762
120500 7819
121000 7621
121500 7594
122000 7753
122500 7840
123000 7728
123500 7788
124000 7743
124500 7812
125000 7722
125500 7839
126000 7735
126500 7768
127000 7585
127500 7819
128000 7612
128500 7708
129000 7609
129500 7969
130000 7798
130500 7762
131000 7645
131500 7984
132000 7651
132500 7663
133000 7792
133500 7749
134000 7614
134500 7746
135000 7698
135500 7647
136000 7675
136500 7771
137000 7912
137500 7912
138000 7636
138500 7783
139000 7759
139500 7804
140000 7642
140500 7846
141000 7753
141500 7768
142000 7684
142500 7699
143000 7663
143500 8044
144000 7792
144500 7732
145000 7833
145500 7770
146000 7743
146500 7734
147000 7746
147500 7852
148000 7858
148500 7879
149000 7678
149500 7993
150000 7777
150500 7822
151000 7744
151500 7918
152000 7834
152500 7633
153000 7723
153500 7768
154000 7723
154500 9868
155000 7762
155500 7774
156000 7720
156500 7660
157000 7744
157500 7822
158000 7687
158500 7744
159000 7789
159500 7675
160000 7737
160500 7833
161000 7752
161500 7695
162000 7797
162500 7830
163000 7825
163500 7657
164000 7765
164500 7741
165000 7672
165500 7681
166000 7741
166500 7768
167000 7696
167500 7753
168000 7705
168500 7717
169000 7801
169500 7816
170000 7813
170500 7744
171000 7590
171500 7827
172000 7815
172500 7620
173000 7671
173500 7750
174000 7765
174500 7651
175000 7813
175500 7762
176000 7591
176500 7717
177000 7789
177500 7681
178000 7669
178500 7768
179000 7828
179500 7702
180000 7711
180500 7894
181000 7807
181500 7636
182000 7660
182500 7786
183000 7753
183500 7717
184000 7969
184500 7936
185000 7543
185500 7720
186000 7801
186500 7696
187000 7627
187500 7918
188000 7786
188500 7728
189000 7719
189500 7680
190000 7785
190500 7752
191000 7902
191500 7822
192000 7804
192500 7591
193000 7552
193500 7756
194000 7792
194500 7918
195000 7870
195500 7912
196000 7882
196500 7801
197000 7828
197500 7684
198000 7648
198500 7714
199000 7768
199500 7723
200000 7734
200500 7797
201000 7815
201500 7623
202000 7776
202500 7828
203000 7813
203500 7657
204000 7951
204500 7711
205000 8019
205500 7755
206000 8058
206500 7839
207000 7939
207500 7822
208000 7894
208500 7615
209000 7867
209500 7771
210000 7870
210500 7741
211000 7777
211500 7744
212000 7771
212500 7696
213000 7855
213500 7750
214000 7822
214500 7654
215000 7780
215500 7696
216000 7818
216500 7803
217000 7791
217500 7758
218000 7710
218500 7812
219000 7726
219500 7717
220000 7792
220500 7693
221000 7702
221500 7759
222000 7801
222500 7726
223000 7792
223500 7744
224000 7828
224500 7756
225000 7738
225500 7648
226000 7753
226500 8140
227000 7705
227500 7762
228000 7824
228500 7905
229000 7869
229500 7821
230000 7737
230500 7752
231000 12872
231500 7879
232000 7741
232500 7747
233000 7738
233500 7777
234000 7804
234500 7768
235000 7788
235500 7860
236000 7944
236500 7746
237000 7836
237500 8118
238000 7792
238500 8116
239000 8254
239500 8095
240000 7702
240500 7996
241000 8227
241500 7732
242000 7666
242500 7780
243000 7888
243500 7765
244000 7888
244500 7690
245000 7765
245500 7834
246000 7801
246500 7837
247000 7660
247500 7744
248000 7963
248500 7839
249000 7671
249500 7737
250000 7653
250500 7860
