0 0
500 6006
1000 5730
1500 5671
2000 6190
2500 6460
3000 6183
3500 6183
4000 6868
4500 7420
5000 6943
5500 6868
6000 6796
6500 6817
7000 6843
7500 6702
8000 7840
8500 8029
9000 7954
9500 7720
10000 7720
10500 7804
11000 7708
11500 7738
12000 7753
12500 7717
13000 7816
13500 7732
14000 7678
14500 7633
15000 7738
15500 7714
16000 8317
16500 9094
17000 8275
17500 8269
18000 8263
18500 8368
19000 8293
19500 8272
20000 8281
20500 8251
21000 8257
21500 8272
22000 8269
22500 8281
23000 8278
23500 8266
24000 8341
24500 8284
25000 8266
25500 8359
26000 8455
26500 8278
27000 8350
27500 8242
28000 8278
28500 8194
29000 8281
29500 8377
30000 8299
30500 8296
31000 8305
31500 8308
32000 9091
32500 9697
33000 9166
33500 12974
34000 9274
34500 9157
35000 9229
35500 9184
36000 9061
36500 9163
37000 9235
37500 9151
38000 9243
38500 9136
39000 9235
39500 9139
40000 9166
40500 9214
41000 9211
41500 9157
42000 9145
42500 9133
43000 9049
43500 9243
44000 9214
44500 9139
45000 9148
45500 9130
46000 9253
46500 9241
47000 9130
47500 9154
48000 9145
48500 9133
49000 9129
49500 9162
50000 9049
50500 9154
51000 9166
51500 9205
52000 9151
52500 9145
53000 9172
53500 9172
54000 9232
54500 9154
55000 9153
55500 9187
56000 9151
56500 9169
57000 9073
57500 9157
58000 9142
58500 9187
59000 9169
59500 9238
60000 9163
60500 9198
61000 9133
61500 9157
62000 9154
62500 9256
63000 9181
63500 9178
64000 9688
64500 10621
65000 9910
65500 9874
66000 9832
66500 9961
67000 9817
67500 9832
68000 9918
68500 9856
69000 9859
69500 9844
70000 9841
70500 9928
71000 9832
71500 9793
72000 9859
72500 9847
73000 9808
73500 9859
74000 9808
74500 9841
75000 9853
75500 9847
76000 9847
76500 9841
77000 23271
77500 9886
78000 9856
78500 9775
79000 9982
79500 9838
80000 9934
80500 9808
81000 9799
81500 9826
82000 9829
82500 9810
83000 9814
83500 9853
84000 9940
84500 9997
85000 9850
85500 9784
86000 9835
86500 9835
87000 9787
87500 9778
88000 9826
88500 10027
89000 9778
89500 9832
90000 9826
90500 9811
91000 9817
91500 9766
92000 9871
92500 9637
93000 9778
93500 9934
94000 9784
94500 9745
95000 9832
95500 9768
96000 9829
96500 10072
97000 9847
97500 9799
98000 9862
98500 9856
99000 9844
99500 9787
100000 9772
100500 9826
101000 9895
101500 9823
102000 9814
102500 9889
103000 9811
103500 9784
104000 9838
104500 9820
105000 9850
105500 9823
106000 9841
106500 9817
107000 9745
107500 9823
108000 9853
108500 9753
109000 9832
109500 9967
110000 9802
110500 9634
111000 9802
111500 9847
112000 9790
112500 9841
113000 9844
113500 9835
114000 9763
114500 9862
115000 9789
115500 9745
116000 9820
116500 9832
117000 9850
117500 9964
118000 9859
118500 12400
119000 9868
119500 9781
120000 9802
120500 9853
121000 9718
121500 9769
122000 9820
122500 9832
123000 9862
123500 9811
124000 9751
124500 9790
125000 9844
125500 9775
126000 9880
126500 9823
127000 9949
127500 9856
128000 10252
128500 12280
129000 10703
129500 10720
130000 10702
130500 10738
131000 10696
131500 10663
132000 10666
132500 10855
133000 10681
133500 10741
134000 10654
134500 10723
135000 10675
135500 10666
136000 10627
136500 10723
137000 10723
137500 10714
138000 10633
138500 10681
139000 10717
139500 10627
140000 10720
140500 10642
141000 10681
141500 10684
142000 10696
142500 10804
143000 10648
143500 10618
144000 10669
144500 10723
145000 10669
145500 10924
146000 10654
146500 10645
147000 10717
147500 10651
148000 10756
148500 10642
149000 10684
149500 10585
150000 10696
150500 10708
151000 10717
151500 10708
152000 10643
152500 10711
153000 10720
153500 10681
154000 10726
154500 10759
155000 10708
155500 10552
156000 10669
156500 10582
157000 10624
157500 10687
158000 26262
158500 10762
159000 10727
159500 10780
160000 10621
160500 10702
161000 10642
161500 10654
162000 10702
162500 10705
163000 10672
163500 10639
164000 10648
164500 10633
165000 10660
165500 10648
166000 10651
166500 10696
167000 10633
167500 10738
168000 10651
168500 10843
169000 10600
169500 10643
170000 10723
170500 10633
171000 10660
171500 10585
172000 10588
172500 10636
173000 10705
173500 10672
174000 10747
174500 10618
175000 10705
175500 10669
176000 10630
176500 10654
177000 10684
177500 10597
178000 10576
178500 10717
179000 10654
179500 10627
180000 10654
180500 10582
181000 10603
181500 10651
182000 10627
182500 10687
183000 10612
183500 10624
184000 10765
184500 10681
185000 10652
185500 10690
186000 10624
186500 10657
187000 10552
187500 10618
188000 10687
188500 10630
189000 10624
189500 10564
190000 10618
190500 10672
191000 10630
191500 10717
192000 10693
192500 10633
193000 10540
193500 10675
194000 10735
194500 10672
195000 10759
195500 10660
196000 10751
196500 13144
197000 10669
197500 10615
198000 10639
198500 10753
199000 10558
199500 10573
200000 10669
200500 10588
201000 10726
201500 10585
202000 10714
202500 10687
203000 10726
203500 10621
204000 10714
204500 10621
205000 10684
205500 10702
206000 10705
206500 10540
207000 10702
207500 10594
208000 10696
208500 10558
209000 10663
209500 10738
210000 10738
210500 10699
211000 10708
211500 10558
212000 10678
212500 10705
213000 10699
213500 10615
214000 10639
214500 10567
215000 10666
215500 10690
216000 10675
216500 10717
217000 10802
217500 10582
218000 10657
218500 10606
219000 10633
219500 10624
220000 10648
220500 10582
221000 10705
221500 10657
222000 10672
222500 10564
223000 10639
223500 10727
224000 10726
224500 10684
225000 10753
225500 10654
226000 10654
226500 10675
227000 10651
227500 10732
228000 10765
228500 10696
229000 10693
229500 10729
230000 10748
230500 10624
231000 10720
231500 10741
232000 10651
232500 10603
233000 10666
233500 10660
234000 10639
234500 10672
235000 10651
235500 10639
236000 10706
236500 10675
237000 10723
237500 10711
238000 10727
238500 10702
239000 10876
239500 10672
240000 10663
240500 10810
241000 10726
241500 10618
242000 10651
242500 10696
243000 10675
243500 10660
244000 10741
244500 10630
245000 10681
245500 10747
246000 10651
246500 10742
247000 10627
247500 10657
248000 10861
248500 10705
249000 10657
249500 10759
250000 10666
250500 10723
