0 0
500 25236
1000 7576
1500 7519
2000 7459
2500 10129
3000 7462
3500 7594
4000 7501
4500 9991
5000 7684
5500 7483
6000 7516
6500 9820
7000 7419
7500 7444
8000 7501
8500 9610
9000 7435
9500 7453
10000 7507
10500 9574
11000 7471
11500 7609
12000 7483
12500 9817
13000 7540
13500 7471
14000 7504
14500 9559
15000 7462
15500 7501
16000 7453
16500 9715
17000 7468
17500 7468
18000 7510
18500 9934
19000 7504
19500 7543
20000 7429
20500 9679
21000 7480
21500 7459
22000 7678
22500 9775
23000 7483
23500 7498
24000 7459
24500 10117
25000 7474
25500 7594
26000 7504
26500 11209
27000 7590
27500 7437
28000 7495
28500 9367
29000 7635
29500 7503
30000 7501
30500 7453
31000 9640
31500 7473
32000 7552
32500 7573
33000 9658
33500 7452
34000 7438
34500 7450
35000 9763
35500 7419
36000 7480
36500 7504
37000 9418
37500 7669
38000 7558
38500 7336
39000 9895
39500 7462
40000 7432
40500 7477
41000 9511
41500 7516
42000 7504
42500 7477
43000 9577
43500 7453
44000 7717
44500 7549
45000 9553
45500 7435
46000 7588
46500 7450
47000 9598
47500 7405
48000 7486
48500 10888
49000 9877
49500 7581
50000 7467
50500 7461
51000 9871
51500 7573
52000 7605
52500 7434
53000 9814
53500 7444
54000 7659
54500 7461
55000 14719
55500 7438
56000 7540
56500 7498
57000 9751
57500 7423
58000 7465
58500 7591
59000 9523
59500 7858
60000 7447
60500 7456
61000 9424
61500 7516
62000 7408
62500 7561
63000 7465
63500 9574
64000 7462
64500 7459
65000 7426
65500 12526
66000 7639
66500 7570
67000 7462
67500 9709
68000 7471
68500 7534
69000 7564
69500 9541
70000 7534
70500 7513
71000 7666
71500 9241
72000 7435
72500 7690
73000 7453
73500 9544
74000 7396
74500 7672
75000 7381
75500 9598
76000 7519
76500 7477
77000 7420
77500 9346
78000 7399
78500 7354
79000 7375
79500 9448
80000 7513
80500 7540
81000 7474
81500 9535
82000 7633
82500 7414
83000 7432
83500 10672
84000 7483
84500 7540
85000 7423
85500 9571
86000 7456
86500 7501
87000 7399
87500 9511
88000 7441
88500 7465
89000 7492
89500 9697
90000 7432
90500 7387
91000 7432
91500 9436
92000 7456
92500 7372
93000 7528
93500 9649
94000 7576
94500 7462
95000 7531
95500 7501
96000 9631
96500 9976
97000 7387
97500 7477
98000 9559
98500 7489
99000 7396
99500 7393
100000 9547
100500 7573
101000 7366
101500 7330
102000 9097
102500 7384
103000 7363
103500 7447
104000 9565
104500 7492
105000 7489
105500 7501
106000 9463
106500 7468
107000 7351
107500 7423
108000 9535
108500 7477
109000 7324
109500 7627
110000 9466
110500 7378
111000 7534
111500 7468
112000 10588
112500 7486
113000 7393
113500 7426
114000 9415
114500 7426
115000 7372
115500 7510
116000 9472
116500 7558
117000 7528
117500 7384
118000 12676
118500 7435
119000 7483
119500 7387
120000 9547
120500 7471
121000 7369
121500 7435
122000 9589
122500 7501
123000 7450
123500 7384
124000 9508
124500 7513
125000 7525
125500 7525
126000 7399
126500 9715
127000 8155
127500 7450
128000 7426
128500 9508
129000 7564
129500 7459
130000 7534
130500 9229
131000 7495
131500 7561
132000 7405
132500 10606
133000 7453
133500 7462
134000 7435
134500 9493
135000 7438
135500 7405
136000 7477
136500 9355
137000 7561
137500 7522
138000 7573
138500 9613
139000 7393
139500 7483
140000 7597
140500 10918
141000 7522
141500 7420
142000 7429
142500 9550
143000 7459
143500 7303
144000 7381
144500 9655
145000 10174
145500 7519
146000 7453
146500 9787
147000 7476
147500 7531
148000 7432
148500 9472
149000 7447
149500 7378
150000 7495
150500 9658
151000 7504
151500 7504
152000 7477
152500 9313
153000 7492
153500 7324
154000 7372
154500 9478
155000 7423
155500 7393
156000 7495
156500 9106
157000 7549
157500 7537
158000 7477
158500 7465
159000 9634
159500 7543
160000 7618
160500 7432
161000 9295
161500 7462
162000 7459
162500 7528
163000 9568
163500 7399
164000 7420
164500 7366
165000 9334
165500 7555
166000 7675
166500 7420
167000 9748
167500 7450
168000 7378
168500 7486
169000 10891
169500 7549
170000 7525
170500 7582
171000 9457
171500 7435
172000 7504
172500 7510
173000 9979
173500 7444
174000 7384
174500 7546
175000 9595
175500 7759
176000 7366
176500 7501
177000 9496
177500 7570
178000 7402
178500 7555
179000 9436
179500 7390
180000 7723
180500 7663
181000 9727
181500 7492
182000 7423
182500 7573
183000 9337
183500 7528
184000 7570
184500 7546
185000 9400
185500 7399
186000 7549
186500 7357
187000 9481
187500 7480
188000 7423
188500 7405
189000 9334
189500 7453
190000 7549
190500 7513
191000 7582
191500 9523
192000 7552
192500 7465
193000 9859
193500 10075
194000 7402
194500 7501
195000 7534
195500 10834
196000 7429
196500 7552
197000 7513
197500 9589
198000 7447
198500 7552
199000 7480
199500 10540
200000 7557
200500 7609
201000 7525
201500 9400
202000 7596
202500 7582
203000 7507
203500 9595
204000 7509
204500 7506
205000 7420
205500 9739
206000 7584
206500 7443
207000 7522
207500 9649
208000 7605
208500 7560
209000 7444
209500 9433
210000 7458
210500 7428
211000 7441
211500 9610
212000 7536
212500 7471
213000 7465
213500 9544
214000 7521
214500 7576
215000 7618
215500 9550
216000 7602
216500 7444
217000 7528
217500 9547
218000 7251
218500 7549
219000 7576
219500 9502
220000 7647
220500 7531
221000 7525
221500 9628
222000 7521
222500 7560
223000 7471
223500 7459
224000 11074
224500 7419
225000 7413
225500 7548
226000 9712
226500 7419
227000 7542
227500 7404
228000 9547
228500 7434
229000 7470
229500 7642
230000 9325
230500 7365
231000 7503
231500 7678
232000 9703
232500 7422
233000 7641
233500 7458
234000 9502
234500 7440
235000 7395
235500 7564
236000 9481
236500 7506
237000 7548
237500 7399
238000 9535
238500 7542
239000 7575
239500 7516
240000 9460
240500 7575
241000 7425
241500 9907
242000 12949
242500 7483
243000 7516
243500 7555
244000 7624
244500 9562
245000 7465
245500 7561
246000 7495
246500 9412
247000 7459
247500 7402
248000 7771
248500 9580
249000 7456
249500 7486
250000 7417
250500 9367
