0 0
500 11350
1000 10435
1500 10387
2000 10372
2500 10540
3000 10450
3500 10480
4000 10381
4500 10435
5000 10396
5500 10462
6000 10448
6500 10462
7000 10489
7500 10237
8000 10483
8500 10450
9000 10381
9500 10462
10000 10381
10500 10480
11000 10498
11500 10381
12000 10459
12500 10468
13000 10465
13500 10306
14000 18767
14500 10372
15000 10462
15500 10453
16000 10420
16500 10462
17000 10429
17500 10450
18000 10501
18500 10456
19000 10552
19500 10414
20000 10384
20500 10457
21000 10378
21500 10495
22000 10411
22500 10447
23000 10411
23500 10471
24000 10495
24500 10453
25000 10501
25500 10462
26000 10447
26500 10417
27000 10582
27500 10399
28000 10426
28500 10369
29000 10486
29500 10519
30000 10454
30500 10438
31000 10342
31500 10402
32000 10480
32500 10393
33000 10372
33500 10453
34000 10546
34500 10369
35000 10522
35500 10483
36000 11440
36500 10450
37000 10309
37500 10384
38000 10510
38500 10390
39000 10372
39500 10438
40000 10501
40500 10504
41000 10372
41500 10492
42000 10483
42500 10450
43000 10300
43500 10525
44000 10447
44500 10507
45000 10441
45500 10474
46000 10588
46500 10537
47000 10471
47500 10432
48000 10432
48500 10378
49000 10423
49500 10492
50000 10351
50500 10516
51000 10441
51500 10579
52000 10459
52500 10312
53000 25389
53500 10423
54000 11539
54500 10465
55000 10405
55500 10675
56000 10318
56500 10507
57000 10741
57500 10387
58000 10468
58500 10468
59000 10408
59500 10453
60000 10408
60500 10384
61000 10513
61500 10408
62000 10456
62500 10471
63000 10384
63500 10435
64000 10423
64500 10615
65000 10516
65500 10384
66000 10438
66500 10423
67000 10504
67500 10330
68000 10468
68500 10384
69000 10432
69500 10450
70000 10489
70500 10423
71000 10429
71500 10375
72000 10465
72500 10471
73000 10396
73500 10421
74000 10414
74500 10399
75000 10450
75500 10459
76000 10441
76500 10306
77000 10366
77500 10423
78000 10450
78500 10381
79000 10345
79500 10354
80000 10483
80500 10366
81000 10363
81500 10294
82000 10444
82500 10564
83000 10291
83500 10369
84000 10642
84500 10432
85000 10342
85500 10342
86000 10441
86500 10360
87000 10375
87500 10369
88000 10351
88500 10408
89000 10372
89500 10444
90000 10363
90500 10282
91000 10375
91500 10318
92000 10351
92500 10330
93000 21987
93500 10534
94000 11494
94500 10393
95000 11452
95500 10396
96000 10456
96500 10378
97000 10447
97500 10435
98000 10345
98500 10438
99000 10345
99500 10342
100000 10282
100500 10390
101000 10396
101500 10519
102000 10303
102500 10327
103000 10429
103500 10264
104000 10405
104500 10534
105000 10360
105500 36325
106000 10369
106500 10489
107000 10339
107500 10442
108000 10486
108500 10438
109000 10360
109500 10438
110000 10285
110500 10366
111000 10351
111500 10366
112000 10315
112500 10459
113000 10378
113500 10402
114000 10291
114500 10342
115000 10429
115500 10408
116000 10339
116500 10354
117000 10357
117500 10435
118000 10495
118500 10420
119000 10441
119500 11507
120000 10927
120500 10447
121000 10249
121500 10366
122000 10303
122500 10342
123000 10366
123500 10369
124000 10432
124500 10363
125000 10318
125500 10288
126000 10402
126500 10444
127000 10363
127500 10453
128000 10360
128500 10300
129000 10435
129500 10453
130000 10297
130500 10447
131000 10384
131500 14435
132000 10489
132500 10363
133000 10438
133500 10405
134000 10369
134500 10612
135000 10312
135500 10348
136000 10393
136500 10408
137000 10378
137500 10309
138000 10441
138500 10438
139000 10489
139500 10417
140000 10360
140500 10420
141000 10387
141500 10336
142000 10402
142500 10384
143000 10297
143500 10447
144000 10561
144500 10366
145000 10375
145500 10453
146000 10384
146500 10453
147000 10339
147500 10297
148000 10402
148500 10345
149000 10291
149500 10318
150000 10327
150500 10336
151000 10381
151500 10381
152000 10417
152500 10432
153000 10372
153500 10411
154000 10414
154500 10457
155000 10369
155500 10411
156000 10387
156500 10369
157000 10414
157500 10411
158000 10339
158500 10387
159000 10366
159500 10453
160000 10423
160500 10282
161000 10324
161500 10477
162000 10444
162500 10366
163000 10408
163500 10270
164000 10405
164500 10405
165000 10447
165500 10420
166000 10450
166500 10399
167000 11509
167500 10336
168000 10348
168500 40570
169000 10360
169500 11467
170000 13252
170500 10417
171000 10366
171500 10369
172000 10531
172500 10426
173000 10282
173500 10360
174000 10489
174500 10210
175000 10438
175500 10360
176000 10529
176500 10456
177000 10396
177500 10327
178000 10279
178500 10417
179000 10321
179500 10405
180000 10411
180500 10318
181000 10489
181500 10372
182000 10345
182500 10381
183000 10288
183500 10441
184000 10444
184500 10372
185000 10366
185500 10309
186000 10408
186500 10369
187000 10279
187500 10435
188000 10423
188500 10567
189000 10384
189500 10294
190000 10312
190500 10270
191000 10330
191500 10411
192000 10363
192500 10291
193000 10387
193500 10474
194000 10771
194500 10453
195000 10441
195500 10399
196000 10489
196500 10231
197000 10411
197500 10396
198000 10351
198500 10354
199000 10363
199500 10363
200000 10399
200500 10325
201000 10363
201500 10411
202000 10378
202500 10441
203000 10423
203500 10450
204000 10402
204500 10417
205000 10300
205500 10411
206000 10465
206500 10372
207000 10405
207500 10270
208000 10519
208500 10369
209000 10417
209500 10393
210000 12362
210500 10303
211000 10444
211500 10339
212000 10406
212500 10411
213000 10366
213500 10351
214000 10612
214500 10399
215000 10429
215500 10282
216000 10366
216500 10453
217000 10459
217500 10429
218000 10282
218500 10387
219000 10453
219500 10378
220000 10363
220500 10357
221000 10420
221500 10369
222000 10372
222500 10318
223000 10375
223500 10318
224000 10366
224500 10369
225000 10405
225500 10381
226000 10411
226500 10411
227000 10324
227500 10387
228000 10426
228500 10408
229000 10357
229500 10378
230000 10303
230500 10447
231000 10414
231500 10432
232000 10306
232500 10231
233000 10462
233500 10321
234000 10230
234500 10420
235000 10279
235500 10582
236000 11395
236500 11443
237000 10405
237500 10387
238000 10387
238500 10354
239000 10441
239500 10441
240000 10312
240500 10480
241000 10438
241500 10432
242000 10372
242500 10357
243000 10366
243500 10303
244000 10372
244500 10450
245000 10411
245500 10351
246000 10249
246500 10609
247000 10291
247500 10369
248000 10621
248500 10426
249000 10267
249500 10525
250000 12529
250500 10498
