0 0
500 7270
1000 6202
1500 6418
2000 6547
2500 6522
3000 6798
3500 6891
4000 6820
4500 15023
5000 7183
5500 6805
6000 7306
6500 7206
7000 7374
7500 7116
8000 7351
8500 7336
9000 7309
9500 7213
10000 7336
10500 7267
11000 7273
11500 7270
12000 8104
12500 8041
13000 8158
13500 8173
14000 8101
14500 7993
15000 8209
15500 8086
16000 8428
16500 8287
17000 8248
17500 8275
18000 8221
18500 8209
19000 8218
19500 8125
20000 8164
20500 8176
21000 8197
21500 8182
22000 8149
22500 8140
23000 8128
23500 8128
24000 8689
24500 8737
25000 8641
25500 8701
26000 8665
26500 8806
27000 8659
27500 8683
28000 8839
28500 8581
29000 8686
29500 8782
30000 8686
30500 8662
31000 8670
31500 8631
32000 8814
32500 8818
33000 8716
33500 8692
34000 8725
34500 8794
35000 8626
35500 8743
36000 8590
36500 8794
37000 8857
37500 8662
38000 8737
38500 8689
39000 8737
39500 8752
40000 9004
40500 8631
41000 8784
41500 8712
42000 8737
42500 8776
43000 8716
43500 8956
44000 8803
44500 8761
45000 8788
45500 8722
46000 8776
46500 8713
47000 8680
47500 8752
48000 9172
48500 9370
49000 9399
49500 9271
50000 9250
50500 9325
51000 9346
51500 12127
52000 9340
52500 9259
53000 9253
53500 9289
54000 9262
54500 9331
55000 9376
55500 9307
56000 9241
56500 9297
57000 9343
57500 9226
58000 9268
58500 9307
59000 9163
59500 9295
60000 9334
60500 9208
61000 9282
61500 9202
62000 9322
62500 9304
63000 9205
63500 9298
64000 9283
64500 9337
65000 9367
65500 9288
66000 9289
66500 9478
67000 9385
67500 9280
68000 9307
68500 9304
69000 9370
69500 9277
70000 9360
70500 13060
71000 9349
71500 9280
72000 9391
72500 9348
73000 9328
73500 9193
74000 9286
74500 9349
75000 9325
75500 9259
76000 9274
76500 9271
77000 9301
77500 9292
78000 9208
78500 9280
79000 9232
79500 9268
80000 9286
80500 9175
81000 9313
81500 9214
82000 9354
82500 9346
83000 9328
83500 9205
84000 9304
84500 9199
85000 9301
85500 9274
86000 9298
86500 9328
87000 9286
87500 9280
88000 9283
88500 9256
89000 9313
89500 9322
90000 9280
90500 9325
91000 9268
91500 9261
92000 9493
92500 9151
93000 9409
93500 9325
94000 9280
94500 9217
95000 11791
95500 9229
96000 9754
96500 9955
97000 9874
97500 9862
98000 9906
98500 9952
99000 9814
99500 9805
100000 9829
100500 9922
101000 9906
101500 9967
102000 9937
102500 9832
103000 9910
103500 9874
104000 9969
104500 9913
105000 9868
105500 9841
106000 9835
106500 9811
107000 9675
107500 9859
108000 9820
108500 9850
109000 9646
109500 9787
110000 9829
110500 9709
111000 9871
111500 9787
112000 9805
112500 9940
113000 9802
113500 9780
114000 9688
114500 9709
115000 9769
115500 9778
116000 9805
116500 9814
117000 9868
117500 9787
118000 9790
118500 9865
119000 9823
119500 9907
120000 9748
120500 9832
121000 9709
121500 9682
122000 9808
122500 9805
123000 9648
123500 9781
124000 9703
124500 9733
125000 9814
125500 10018
126000 9970
126500 9919
127000 9877
127500 9778
128000 9901
128500 10036
129000 9994
129500 10033
130000 10093
130500 9907
131000 9862
131500 9991
132000 9943
132500 9928
133000 10045
133500 9967
134000 9862
134500 9871
135000 9868
135500 9832
136000 9820
136500 12151
137000 10101
137500 10003
138000 10036
138500 10030
139000 9853
139500 10039
140000 10105
140500 9994
141000 9877
141500 9718
142000 9916
142500 9841
143000 9769
143500 9778
144000 9973
144500 9907
145000 9856
145500 9922
146000 9814
146500 9829
147000 9772
147500 9883
148000 9901
148500 9841
149000 9832
149500 9832
150000 9865
150500 9940
151000 9802
151500 9808
152000 9883
152500 9805
153000 9907
153500 9841
154000 9820
154500 9898
155000 9876
155500 9823
156000 9886
156500 9760
157000 9883
157500 9814
158000 10011
158500 9868
159000 9838
159500 9904
160000 9922
160500 10015
161000 9871
161500 9883
162000 9949
162500 9958
163000 10030
163500 9862
164000 10150
164500 9934
165000 9916
165500 10060
166000 9991
166500 9978
167000 9805
167500 9850
168000 9844
168500 9841
169000 9904
169500 9901
170000 9934
170500 9865
171000 9853
171500 9844
172000 9904
172500 9889
173000 9838
173500 9964
174000 9868
174500 9916
175000 9934
175500 9805
176000 9793
176500 9853
177000 9991
177500 9883
178000 21758
178500 9982
179000 9838
179500 9940
180000 9829
180500 9913
181000 10003
181500 9988
182000 9984
182500 10075
183000 9961
183500 9889
184000 10048
184500 10018
185000 9907
185500 10684
186000 10705
186500 9928
187000 9871
187500 9892
188000 9985
188500 9994
189000 10075
189500 9802
190000 10003
190500 9793
191000 9931
191500 10018
192000 10117
192500 10465
193000 10585
193500 10552
194000 10510
194500 10369
195000 10453
195500 10360
196000 10297
196500 10426
197000 10537
197500 10495
198000 10504
198500 10540
199000 10489
199500 10492
200000 10378
200500 10393
201000 31422
201500 10288
202000 10366
202500 10606
203000 10459
203500 10333
204000 10363
204500 10324
205000 10381
205500 10390
206000 10432
206500 10342
207000 10411
207500 10315
208000 10444
208500 10342
209000 10360
209500 10420
210000 10378
210500 10369
211000 10435
211500 10375
212000 10345
212500 10252
213000 10402
213500 10309
214000 10363
214500 10285
215000 10474
215500 10351
216000 10423
216500 13600
217000 10441
217500 10309
218000 10456
218500 10333
219000 10321
219500 10330
220000 10390
220500 10360
221000 10375
221500 10348
222000 10375
222500 10318
223000 10423
223500 10348
224000 10498
224500 10597
225000 10696
225500 10390
226000 10555
226500 10519
227000 10576
227500 10546
228000 10483
228500 10519
229000 10585
229500 10369
230000 10306
230500 10219
231000 10381
231500 10402
232000 10675
232500 10324
233000 10486
233500 10369
234000 10306
234500 10393
235000 10459
235500 10399
236000 10456
236500 10351
237000 10444
237500 10291
238000 10351
238500 10411
239000 10381
239500 10414
240000 10366
240500 10441
241000 10393
241500 10231
242000 10225
242500 10432
243000 10441
243500 10360
244000 10381
244500 10270
245000 10354
245500 10435
246000 10408
246500 10396
247000 10363
247500 10267
248000 10540
248500 10501
249000 10567
249500 10426
250000 10414
250500 10261
