0 0
500 28311
1000 23579
1500 23921
2000 23621
2500 23864
3000 23480
3500 23384
4000 24455
4500 23870
5000 23585
5500 23477
6000 23426
6500 23582
7000 23510
7500 23483
8000 23507
8500 23567
9000 23504
9500 23438
10000 23501
10500 23510
11000 23495
11500 23399
12000 23588
12500 23726
13000 23495
13500 23492
14000 23408
14500 23420
15000 23510
15500 23451
16000 23513
16500 23619
17000 23453
17500 23367
18000 23432
18500 23532
19000 23504
19500 23448
20000 23519
20500 23595
21000 23570
21500 23367
22000 23480
22500 23658
23000 26195
23500 23558
24000 23522
24500 23582
25000 23492
25500 23510
26000 23486
26500 23426
27000 23666
27500 23369
28000 23495
28500 23396
29000 23507
29500 23499
30000 23408
30500 23436
31000 23420
31500 23427
32000 23588
32500 23535
33000 23588
33500 24156
34000 23603
34500 23475
35000 32490
35500 23634
36000 23369
36500 23508
37000 26861
37500 24200
38000 23396
38500 23321
39000 23489
39500 23498
40000 23420
40500 23582
41000 23585
41500 23513
42000 26115
42500 23492
43000 23490
43500 23549
44000 23583
44500 23468
45000 23586
45500 23516
46000 23520
46500 23579
47000 38734
47500 23463
48000 23525
48500 23433
49000 26063
49500 23531
50000 23747
50500 23510
51000 26133
51500 23633
52000 23535
52500 23561
53000 25854
53500 23286
54000 23486
54500 23531
55000 25511
55500 23592
56000 23372
56500 23532
57000 26024
57500 23549
58000 23453
58500 23504
59000 23357
59500 25745
60000 23532
60500 23405
61000 25845
61500 25956
62000 23528
62500 23484
63000 23462
63500 25809
64000 23432
64500 23432
65000 23732
65500 25796
66000 23736
66500 23615
67000 23484
67500 25976
68000 23525
68500 23579
69000 23459
69500 26340
70000 23906
70500 23499
71000 23423
71500 25647
72000 23456
72500 23510
73000 23372
73500 26870
74000 23444
74500 23570
75000 23438
75500 25668
76000 23507
76500 23364
77000 23426
77500 25545
78000 23558
78500 23433
79000 23426
79500 25656
80000 25887
80500 23426
81000 23499
81500 25802
82000 23540
82500 23522
83000 23360
83500 25470
84000 23519
84500 23436
85000 23504
85500 25557
86000 23468
86500 23558
87000 23423
87500 25559
88000 23505
88500 23399
89000 23400
89500 23495
90000 25305
90500 23450
91000 23427
91500 23387
92000 25656
92500 23441
93000 23573
93500 23522
94000 25640
94500 23505
95000 23447
95500 23430
96000 25373
96500 23534
97000 23510
97500 23516
98000 25461
98500 23447
99000 31869
99500 23453
100000 25764
100500 23525
101000 23442
101500 23438
102000 27174
102500 23700
103000 23492
103500 23490
104000 25586
104500 23510
105000 23489
105500 23432
106000 25734
106500 23522
107000 23430
107500 23435
108000 25770
108500 23543
109000 23495
109500 23492
110000 25463
110500 23448
111000 23573
111500 23441
112000 25493
112500 23451
113000 23366
113500 23433
114000 27270
114500 23501
115000 23496
115500 23555
116000 25356
116500 23381
117000 23483
117500 25845
118000 25862
118500 23522
119000 23498
119500 23501
120000 25662
120500 23534
121000 23298
121500 23366
122000 23436
122500 25799
123000 23429
123500 23453
124000 23474
124500 25572
125000 23480
125500 23448
126000 23543
126500 25656
127000 23414
127500 23438
128000 23438
128500 25385
129000 23670
129500 23723
130000 23496
130500 26603
131000 23528
131500 23504
132000 23357
132500 25818
133000 23501
133500 23445
134000 23609
134500 25440
135000 23402
135500 23474
136000 23417
136500 28190
137000 23531
137500 23432
138000 23414
138500 25593
139000 23441
139500 23493
140000 23477
140500 25683
141000 23669
141500 23549
142000 23498
142500 25427
143000 23382
143500 23489
144000 23490
144500 25613
145000 23376
145500 23435
146000 23400
146500 25490
147000 23381
147500 23534
148000 23516
148500 25488
149000 23534
149500 23442
150000 23432
150500 25674
151000 23450
151500 23510
152000 23438
152500 25619
153000 23523
153500 23513
154000 23406
154500 23483
155000 25698
155500 25788
156000 23363
156500 23427
157000 25616
157500 23516
158000 23525
158500 23498
159000 26760
159500 23531
160000 23556
160500 23510
161000 25533
161500 23708
162000 24056
162500 23408
163000 25508
163500 23604
164000 23438
164500 23433
165000 26807
165500 26444
166000 23493
166500 23541
167000 25571
167500 23543
168000 23354
168500 23501
169000 25662
169500 23537
170000 23511
170500 23429
171000 25419
171500 23444
172000 23576
172500 23351
173000 26129
173500 23451
174000 25793
174500 23543
175000 25713
175500 23450
176000 23508
176500 23504
177000 25698
177500 23456
178000 23411
178500 23423
179000 25271
179500 23550
180000 23507
180500 23501
181000 26921
181500 23381
182000 23411
182500 23486
183000 25740
183500 23435
184000 23505
184500 23426
185000 26700
185500 23525
186000 23525
186500 23372
187000 23501
187500 25638
188000 23510
188500 23361
189000 23513
189500 25593
190000 23438
190500 23562
191000 23483
191500 25599
192000 23501
192500 23294
193000 25995
193500 26033
194000 23507
194500 23748
195000 23489
195500 25614
196000 23930
196500 23558
197000 23570
197500 25532
198000 24246
198500 23504
199000 23427
199500 25451
200000 23747
200500 23477
201000 23432
201500 25497
202000 23513
202500 23562
203000 23504
203500 25497
204000 23519
204500 23439
205000 23498
205500 25329
206000 23471
206500 23360
207000 23507
207500 25448
208000 23520
208500 23480
209000 23427
209500 25604
210000 23519
210500 23510
211000 23489
211500 25533
212000 25853
212500 23567
213000 23432
213500 26921
214000 23526
214500 23408
215000 23469
215500 25589
216000 23519
216500 23420
217000 23459
217500 23402
218000 25685
218500 23448
219000 23408
219500 23454
220000 25664
220500 23448
221000 23489
221500 23505
222000 25376
222500 23354
223000 23510
223500 23351
224000 25521
224500 23528
225000 23556
225500 23438
226000 25434
226500 23501
227000 23520
227500 23453
228000 25458
228500 23429
229000 23411
229500 23504
230000 25553
230500 24294
231000 25811
231500 23510
232000 25506
232500 23363
233000 23562
233500 23438
234000 25416
234500 23441
235000 23432
235500 23513
236000 25649
236500 23514
237000 23528
237500 23430
238000 25478
238500 23508
239000 23576
239500 23514
240000 25763
240500 23612
241000 23540
241500 23459
242000 23390
242500 27047
243000 23462
243500 23444
244000 23519
244500 25554
245000 23399
245500 23511
246000 23450
246500 25758
247000 23465
247500 23522
248000 23621
248500 26942
249000 23463
249500 23513
250000 25782
250500 23549
