0 0
500 9319
1000 6085
1500 6091
2000 6091
2500 6090
3000 6198
3500 6139
4000 6334
4500 6460
5000 6345
5500 6327
6000 6499
6500 6415
7000 6280
7500 6214
8000 6345
8500 6354
9000 6436
9500 6448
10000 6481
10500 6471
11000 6591
11500 6510
12000 6670
12500 6616
13000 6709
13500 6625
14000 6720
14500 6627
15000 6676
15500 6751
16000 6793
16500 6949
17000 6871
17500 6906
18000 7026
18500 7002
19000 7015
19500 7138
20000 7180
20500 7033
21000 7171
21500 7087
22000 7191
22500 7233
23000 7296
23500 7408
24000 7210
24500 7210
25000 7342
25500 7327
26000 7303
26500 7483
27000 7570
27500 7387
28000 7536
28500 7732
29000 7654
29500 7660
30000 7765
30500 7459
31000 7711
31500 7849
32000 7807
32500 7941
33000 7968
33500 7974
34000 8091
34500 8010
35000 8172
35500 8139
36000 8118
36500 8214
37000 8199
37500 8319
38000 8400
38500 8274
39000 8244
39500 8388
40000 8322
40500 8703
41000 8584
41500 8563
42000 8662
42500 8557
43000 8533
43500 8728
44000 8680
44500 9145
45000 8848
45500 8842
46000 9067
46500 8671
47000 8812
47500 8737
48000 8911
48500 8985
49000 9009
49500 9034
50000 9046
50500 9190
51000 9127
51500 9283
52000 9337
52500 9271
53000 9379
53500 9133
54000 9399
54500 9391
55000 9334
55500 9493
56000 9388
56500 9481
57000 9532
57500 9556
58000 9688
58500 9673
59000 9406
59500 9703
60000 9706
60500 9646
61000 9829
61500 9655
62000 9754
62500 9766
63000 9763
63500 9895
64000 9787
64500 10210
65000 9919
65500 10249
66000 10102
66500 10282
67000 9994
67500 10057
68000 10336
68500 10264
69000 10357
69500 10288
70000 10270
70500 10222
71000 10294
71500 10360
72000 10394
72500 13018
73000 10501
73500 10480
74000 10618
74500 10561
75000 10591
75500 10699
76000 10627
76500 10762
77000 10582
77500 10729
78000 10765
78500 10735
79000 10792
79500 10832
80000 10786
80500 10846
81000 11017
81500 10906
82000 10999
82500 11035
83000 10969
83500 11047
84000 11254
84500 11104
85000 11117
85500 11137
86000 11194
86500 11302
87000 11356
87500 11359
88000 11347
88500 11296
89000 11434
89500 11608
90000 11572
90500 11539
91000 11545
91500 11746
92000 11905
92500 11647
93000 11791
93500 11776
94000 11810
94500 11800
95000 11923
95500 11891
96000 11950
96500 11932
97000 12088
97500 12055
98000 11972
98500 12142
99000 12049
99500 12040
100000 12121
100500 12280
101000 12178
101500 12205
102000 12235
102500 12421
103000 12335
103500 12349
104000 12451
104500 12499
105000 12328
105500 12599
106000 12622
106500 12512
107000 12550
107500 12754
108000 12745
108500 12913
109000 12895
109500 12776
110000 12757
110500 12772
111000 12904
111500 13027
112000 12919
112500 12967
113000 12910
113500 13087
114000 13015
114500 13087
115000 13180
115500 13195
116000 13090
116500 13195
117000 13231
117500 13198
118000 13339
118500 13414
119000 13480
119500 13414
120000 13318
120500 13495
121000 13390
121500 13501
122000 13615
122500 13691
123000 13678
123500 13610
124000 13615
124500 13757
125000 13690
125500 13883
126000 14065
126500 13816
127000 13961
127500 14059
128000 13931
128500 13966
129000 14140
129500 14140
130000 14140
130500 14171
131000 14116
131500 14336
132000 14227
132500 14257
133000 14285
133500 14398
134000 14243
134500 14407
135000 14365
135500 14393
136000 14347
136500 14440
137000 14687
137500 14515
138000 14615
138500 14777
139000 14719
139500 14759
140000 16835
140500 14734
141000 14830
141500 14816
142000 14914
142500 14896
143000 14819
143500 14884
144000 15037
144500 15008
145000 15040
145500 15097
146000 15086
146500 15262
147000 15220
147500 15284
148000 15290
148500 15367
149000 15361
149500 15368
150000 15352
150500 15529
151000 15515
151500 15545
152000 15520
152500 15595
153000 15593
153500 15584
154000 15709
154500 15712
155000 15842
155500 15782
156000 15748
156500 15787
157000 15980
157500 15953
158000 15865
158500 16009
159000 15983
159500 15947
160000 16111
160500 16117
161000 16019
161500 16151
162000 16118
162500 16297
163000 16306
163500 16145
164000 16334
164500 16343
165000 16342
165500 16483
166000 16403
166500 16487
167000 16415
167500 16592
168000 16808
168500 16703
169000 16687
169500 16687
170000 16769
170500 16781
171000 16688
171500 16975
172000 16796
172500 16931
173000 17174
173500 16997
174000 17036
174500 16805
175000 17197
175500 16975
176000 17113
176500 17195
177000 17123
177500 17090
178000 17246
178500 17207
179000 17258
179500 17248
180000 17401
180500 17392
181000 17392
181500 17342
182000 17471
182500 17603
183000 17621
183500 17636
184000 17618
184500 17663
185000 17612
185500 17864
186000 17741
186500 17771
187000 17735
187500 17969
188000 17888
188500 17935
189000 18160
189500 17908
190000 17992
190500 17959
191000 18118
191500 18142
192000 18142
192500 18046
193000 30189
193500 18320
194000 18272
194500 18278
195000 18413
195500 18416
196000 18560
196500 18413
197000 18605
197500 18503
198000 18515
198500 18626
199000 18668
199500 18593
200000 18674
200500 18698
201000 18656
201500 18740
202000 18845
202500 18917
203000 18808
203500 18901
204000 18959
204500 18896
205000 19094
205500 19049
206000 19058
206500 19067
207000 19376
207500 19184
208000 19253
208500 19241
209000 19288
209500 19328
210000 19373
210500 19553
211000 19484
211500 19391
212000 19499
212500 19466
213000 19694
213500 19496
214000 19601
214500 19550
215000 19697
215500 19583
216000 22406
216500 19787
217000 19916
217500 19772
218000 19790
218500 19931
219000 19981
219500 19991
220000 20102
220500 20024
221000 20057
221500 20108
222000 20210
222500 20177
223000 20216
223500 20093
224000 20378
224500 20390
225000 20348
225500 20267
226000 20396
226500 20441
227000 20498
227500 20483
228000 20525
228500 20552
229000 20675
229500 20612
230000 20720
230500 20672
231000 20717
231500 20900
232000 20876
232500 20840
233000 20828
233500 20771
234000 20945
234500 20969
235000 21192
235500 21017
236000 21041
236500 20999
237000 21269
237500 21101
238000 21614
238500 21158
239000 21155
239500 21281
240000 21383
240500 20723
241000 21176
241500 20999
242000 21170
242500 21224
243000 21440
243500 21284
244000 21344
244500 21362
245000 21447
245500 21386
246000 21614
246500 21611
247000 21677
247500 21623
248000 22235
248500 21905
249000 21827
249500 21774
250000 21779
250500 20315
